Annotation Cluster 1	Enrichment Score: 32.32058724887969
Category	Term	Count	%	PValue	Genes	List Total	Pop Hits	Pop Total	Fold Enrichment	Bonferroni	Benjamini	FDR
UP_KEYWORDS	Cell cycle	72	25.263157894736842	3.022989142153577E-45	157313, 6790, 4173, 4174, 4176, 11065, 9787, 1021, 1063, 259266, 1062, 990, 2305, 672, 991, 55165, 201161, 79733, 1058, 1894, 51203, 3832, 64151, 150094, 9232, 9833, 1033, 83937, 4739, 1104, 10628, 55215, 54962, 54443, 79723, 83461, 83540, 146909, 113130, 7803, 10592, 4751, 1163, 57082, 79075, 22974, 890, 891, 144455, 332, 699, 1111, 11004, 9212, 4085, 3070, 9133, 9134, 4288, 11130, 23397, 9493, 55355, 11339, 100526739, 387103, 983, 26586, 81620, 701, 8318, 8914	270	650	20581	8.44348717948718	8.22253046665773E-43	8.22253046665773E-43	7.28540383259012E-43
UP_KEYWORDS	Mitosis	45	15.789473684210526	6.148217870098826E-36	157313, 6790, 10592, 11065, 4751, 259266, 1063, 1062, 57082, 22974, 890, 990, 891, 991, 332, 55165, 201161, 1058, 699, 51203, 3832, 11004, 64151, 9212, 4085, 3070, 9232, 9133, 11130, 23397, 9493, 11339, 4739, 100526739, 1104, 983, 387103, 54962, 54443, 701, 83461, 83540, 146909, 113130, 8914	270	262	20581	13.092239185750635	1.6723152606668808E-33	8.361576303334404E-34	7.408602533469085E-34
UP_KEYWORDS	Cell division	50	17.543859649122805	6.209119159302545E-34	157313, 6790, 4174, 11065, 1021, 1063, 259266, 1062, 990, 991, 55165, 201161, 1058, 1894, 51203, 3832, 64151, 9232, 4739, 1104, 54962, 54443, 83461, 83540, 146909, 113130, 10592, 4751, 1163, 57082, 22974, 890, 891, 332, 699, 11004, 9212, 4085, 3070, 9133, 9134, 11130, 23397, 9493, 11339, 100526739, 387103, 983, 701, 8914	270	388	20581	9.822928598701793	1.688880411330292E-31	5.629601371100974E-32	4.987992391306378E-32
GOTERM_BP_DIRECT	GO:0051301~cell division	43	15.087719298245613	5.50264271723918E-26	157313, 6790, 4174, 10592, 11065, 4751, 1021, 1163, 1063, 1062, 57082, 22974, 890, 990, 891, 991, 332, 201161, 699, 3832, 11004, 64151, 4085, 3070, 9232, 9133, 9134, 11130, 23397, 11339, 4739, 100526739, 1104, 983, 387103, 54962, 701, 83461, 83540, 9928, 146909, 113130, 8914	253	350	16792	8.154217955957087	8.79322306214821E-23	8.79322306214821E-23	8.512588283569011E-23
GOTERM_BP_DIRECT	GO:0007067~mitotic nuclear division	36	12.631578947368421	3.928950973879768E-24	157313, 6790, 4751, 259266, 1063, 57082, 22974, 890, 990, 991, 332, 55165, 201161, 56992, 699, 3832, 11004, 9212, 3070, 9232, 9133, 55872, 11339, 4739, 100526739, 1104, 983, 387103, 54962, 54443, 701, 83461, 83540, 113130, 55839, 8914	253	248	16792	9.63457860512559	6.278463656259869E-21	3.1392318281299346E-21	3.0390435782960006E-21

Annotation Cluster 2	Enrichment Score: 14.189169201017766
Category	Term	Count	%	PValue	Genes	List Total	Pop Hits	Pop Total	Fold Enrichment	Bonferroni	Benjamini	FDR
UP_KEYWORDS	Chromosome	35	12.280701754385964	3.529912426351038E-18	10592, 4751, 24137, 1063, 1062, 57082, 672, 332, 201161, 1058, 699, 51203, 11004, 64151, 9212, 4085, 4288, 11130, 23397, 64105, 64946, 79682, 11339, 55355, 100526739, 387103, 79723, 701, 83540, 121504, 113130, 55839, 51514, 10721, 2956	270	400	20581	6.669768518518518	9.601361799674823E-16	1.9202723599349644E-16	1.7014177895012002E-16
UP_KEYWORDS	Centromere	23	8.070175438596491	5.7238591110835385E-18	9212, 4085, 4751, 11130, 64105, 1063, 1062, 64946, 57082, 79682, 11339, 55355, 332, 100526739, 201161, 387103, 1058, 699, 79723, 701, 83540, 11004, 55839	270	137	20581	12.7970532576372	1.5568896782147226E-15	2.594816130357871E-16	2.2990834096185546E-16
UP_KEYWORDS	Kinetochore	19	6.666666666666667	6.477186835903759E-16	4085, 4751, 11130, 64105, 1063, 1062, 64946, 57082, 79682, 332, 100526739, 201161, 387103, 1058, 699, 701, 83540, 11004, 55839	270	99	20581	14.629218106995888	1.8118839761882555E-13	2.202243524207278E-14	1.9512525343160076E-14
GOTERM_BP_DIRECT	GO:0007062~sister chromatid cohesion	20	7.017543859649122	8.522912037461459E-16	9212, 4085, 11130, 64105, 1063, 1062, 64946, 57082, 79682, 81930, 991, 332, 100526739, 1058, 699, 701, 83540, 113130, 11004, 55839	253	103	16792	12.887677961548793	1.4193091146808001E-12	2.7239226871726827E-13	2.636988984390575E-13
GOTERM_CC_DIRECT	GO:0000777~condensed chromosome kinetochore	18	6.315789473684211	6.8859565799232496E-15	4085, 4751, 11130, 64105, 1062, 64946, 57082, 79682, 55355, 332, 100526739, 201161, 387103, 699, 701, 83540, 11004, 55839	266	87	18224	14.174747212859733	1.872280108727864E-12	9.36490094869562E-13	8.435296810405981E-13
GOTERM_CC_DIRECT	GO:0000776~kinetochore	15	5.263157894736842	1.0258152900176345E-11	9212, 4085, 4751, 11130, 1063, 1062, 64946, 7272, 81930, 100526739, 201161, 387103, 699, 701, 11004	266	81	18224	12.687273739905319	2.790210729131104E-9	4.650362648079943E-10	4.188745767572008E-10
GOTERM_BP_DIRECT	GO:0034080~CENP-A containing nucleosome assembly	11	3.8596491228070176	6.016651374393223E-10	55355, 11339, 100526739, 387103, 1058, 64105, 121504, 64946, 57082, 55839, 79682	253	43	16792	16.97876643073812	9.61460467130415E-7	1.2018261120350465E-7	1.1634699595232896E-7

Annotation Cluster 3	Enrichment Score: 9.901653682117882
Category	Term	Count	%	PValue	Genes	List Total	Pop Hits	Pop Total	Fold Enrichment	Bonferroni	Benjamini	FDR
UP_SEQ_FEATURE	nucleotide phosphate-binding region:ATP	45	15.789473684210526	2.1737212738381494E-12	6790, 4173, 6196, 4174, 4176, 10592, 4751, 1660, 1021, 24137, 1062, 7083, 990, 81930, 10733, 26153, 29028, 2268, 56992, 699, 1111, 83990, 9319, 10112, 5634, 3832, 11004, 9212, 150094, 7153, 3070, 9833, 4288, 9493, 7272, 55872, 3707, 983, 701, 5888, 9928, 146909, 11213, 5208, 2956	269	994	20063	3.376523078994413	2.071541493897655E-9	2.0737300952415944E-9	2.069382652693918E-9
UP_KEYWORDS	ATP-binding	53	18.596491228070175	4.573789075633497E-12	6790, 6196, 4173, 4174, 22836, 4176, 11065, 1660, 1021, 24137, 1062, 7083, 990, 81930, 10733, 26153, 29028, 2268, 83990, 3832, 150094, 9833, 3326, 146909, 2956, 10592, 4751, 123283, 29089, 56992, 699, 1111, 9319, 10112, 5634, 11004, 9212, 7153, 3070, 4288, 9493, 7272, 55872, 3707, 983, 10606, 701, 4830, 5888, 9928, 11213, 5208, 10721	270	1391	20581	2.904366695955481	1.244069736117126E-9	1.0367255238102593E-10	9.185693060230605E-11
UP_KEYWORDS	Nucleotide-binding	59	20.701754385964914	6.576125699113128E-11	6790, 6196, 4173, 4174, 22836, 4176, 11065, 1660, 1021, 24137, 1062, 7083, 990, 81930, 115361, 10733, 26153, 29028, 2268, 83990, 3832, 150094, 9833, 11031, 3326, 146909, 2956, 10592, 4751, 123283, 29089, 55303, 56992, 699, 387751, 1111, 9319, 10112, 5634, 11004, 9212, 7153, 3070, 7277, 4288, 9493, 7272, 55872, 3707, 983, 10606, 168537, 701, 4830, 5888, 9928, 11213, 5208, 10721	270	1788	20581	2.5152850277570638	1.7887069492239505E-8	1.277647278684836E-9	1.1320330667759028E-9
GOTERM_MF_DIRECT	GO:0005524~ATP binding	56	19.649122807017545	3.2715803581033743E-10	6790, 6196, 4173, 4174, 22836, 4176, 11065, 5026, 1660, 1021, 24137, 1062, 7083, 990, 81930, 10733, 26153, 29028, 2268, 83990, 3832, 150094, 9833, 3326, 10221, 146909, 2956, 10592, 4751, 123283, 22974, 29089, 56992, 699, 1111, 9319, 10112, 5634, 11004, 9212, 7153, 3070, 4288, 9493, 7272, 55872, 3707, 983, 10606, 701, 4830, 5888, 9928, 11213, 5208, 10721	255	1495	16881	2.479732441471572	1.374063834935768E-7	6.870318752017085E-8	6.657666028740366E-8
INTERPRO	IPR027417:P-loop containing nucleoside triphosphate hydrolase	34	11.929824561403509	1.450520606084791E-7	4173, 4174, 22836, 4176, 10592, 5983, 1660, 259266, 24137, 1062, 7083, 990, 81930, 115361, 26153, 29028, 55303, 56992, 387751, 83990, 9319, 10112, 3832, 11004, 3070, 11031, 9493, 168537, 5888, 9928, 146909, 5208, 10721, 2956	255	879	18559	2.8151687523701177	8.267626265934247E-5	2.7559891515611028E-5	2.726978739439407E-5

Annotation Cluster 4	Enrichment Score: 6.1113208990597565
Category	Term	Count	%	PValue	Genes	List Total	Pop Hits	Pop Total	Fold Enrichment	Bonferroni	Benjamini	FDR
UP_SEQ_FEATURE	domain:Kinesin-motor	11	3.8596491228070176	2.544886241379526E-10	81930, 26153, 56992, 10112, 24137, 1062, 9928, 3832, 146909, 11004, 9493	269	44	20063	18.645910780669144	2.4252765629118045E-7	1.2139107371380338E-7	1.2113658508966544E-7
INTERPRO	IPR001752:Kinesin, motor domain	11	3.8596491228070176	4.046137540974903E-10	81930, 26153, 56992, 10112, 24137, 1062, 9928, 3832, 146909, 11004, 9493	255	45	18559	17.790762527233117	2.3062983200983211E-7	2.306298398355695E-7	2.2820215731098453E-7
SMART	SM00129:KISc	11	3.8596491228070176	1.2869134120182737E-9	81930, 26153, 56992, 10112, 24137, 1062, 9928, 3832, 146909, 11004, 9493	158	45	10057	15.559353023909987	1.8016786895724834E-7	1.8016787768255832E-7	1.8016787768255832E-7
UP_KEYWORDS	Microtubule	19	6.666666666666667	3.2991580600300476E-8	6790, 7277, 4751, 24137, 1062, 22974, 9493, 81930, 26153, 332, 56992, 26586, 51203, 6645, 10112, 9928, 3832, 146909, 11004	270	280	20581	5.172473544973545	8.973669801792816E-6	5.982473282187819E-7	5.300647283114943E-7
GOTERM_CC_DIRECT	GO:0005871~kinesin complex	10	3.508771929824561	6.432654036392068E-8	81930, 26153, 10112, 24137, 1062, 9928, 3832, 146909, 11004, 9493	266	53	18224	12.926656263299758	1.7496666460448118E-5	1.590619907180584E-6	1.4327274899236879E-6
INTERPRO	IPR019821:Kinesin, motor region, conserved site	9	3.1578947368421053	7.130274154882102E-8	81930, 10112, 24137, 1062, 9928, 3832, 146909, 11004, 9493	255	41	18559	15.976183644189383	4.064173826312523E-5	2.0321281341413993E-5	2.010737311676753E-5
GOTERM_MF_DIRECT	GO:0003777~microtubule motor activity	11	3.8596491228070176	3.25587975362336E-7	81930, 26153, 56992, 10112, 24137, 1062, 9928, 3832, 146909, 11004, 9493	255	80	16881	9.1025	1.3673762247112808E-4	4.5582316550727035E-5	4.417143532415691E-5
GOTERM_BP_DIRECT	GO:0007018~microtubule-based movement	11	3.8596491228070176	3.5758023949153827E-7	81930, 26153, 56992, 10112, 24137, 1062, 9928, 3832, 146909, 11004, 9493	253	81	16792	9.013419216317766	5.712500994284886E-4	4.737560821010356E-5	4.586362071403643E-5
GOTERM_CC_DIRECT	GO:0005874~microtubule	18	6.315789473684211	3.2825757224896595E-6	6790, 7277, 4751, 24137, 1062, 22974, 9493, 81930, 26153, 332, 56992, 51203, 6645, 10112, 9928, 3832, 146909, 11004	266	311	18224	3.9652829823755527	8.924635792291191E-4	6.868158434747595E-5	6.186392707768974E-5
GOTERM_MF_DIRECT	GO:0008574~ATP-dependent microtubule motor activity, plus-end-directed	6	2.1052631578947367	3.957485041773418E-6	81930, 26153, 24137, 9928, 3832, 146909	255	17	16881	23.36470588235294	0.0016607664052032955	4.155359293862089E-4	4.026741030004453E-4
UP_KEYWORDS	Motor protein	11	3.8596491228070176	1.1559830017549694E-5	81930, 26153, 56992, 10112, 24137, 1062, 9928, 3832, 146909, 11004, 9493	270	135	20581	6.211001371742113	0.003139353829625602	1.7468187582075093E-4	1.5477327967941535E-4
GOTERM_MF_DIRECT	GO:0008017~microtubule binding	14	4.912280701754386	1.6570889953177266E-5	6279, 24137, 1062, 9493, 10018, 81930, 26153, 332, 56992, 51203, 10112, 9928, 3832, 146909	255	208	16881	4.4557692307692305	0.00693566790947775	0.0011599622967224086	0.0011240587018238578
GOTERM_BP_DIRECT	GO:0019886~antigen processing and presentation of exogenous peptide antigen via MHC class II	9	3.1578947368421053	7.230026481420249E-5	2207, 81930, 26153, 56992, 24137, 1062, 3832, 11004, 9493	253	92	16792	6.492868190410724	0.10911506388173997	0.004998804539989154	0.004839268224883117
GOTERM_BP_DIRECT	GO:0006890~retrograde vesicle-mediated transport, Golgi to ER	8	2.807017543859649	2.3014572777893105E-4	81930, 26153, 56992, 24137, 1062, 3832, 11004, 9493	253	82	16792	6.475272341656222	0.3077549033498391	0.010816849205609758	0.010471630613941362
GOTERM_BP_DIRECT	GO:0007019~microtubule depolymerization	4	1.4035087719298245	3.7070895942993126E-4	81930, 9928, 146909, 11004	253	10	16792	26.54861660079051	0.4470583215768208	0.016455358810250835	0.01593018778439177
GOTERM_MF_DIRECT	GO:0016887~ATPase activity	11	3.8596491228070176	4.6191137188958327E-4	26153, 22836, 29028, 56992, 5983, 10112, 1062, 9928, 11004, 9493, 2956	255	183	16881	3.9792349726775953	0.17638129765326016	0.01812669107198277	0.017565626824516636

Annotation Cluster 5	Enrichment Score: 5.34021067634868
Category	Term	Count	%	PValue	Genes	List Total	Pop Hits	Pop Total	Fold Enrichment	Bonferroni	Benjamini	FDR
UP_KEYWORDS	DNA damage	20	7.017543859649122	2.1368283426523654E-7	9232, 5111, 10635, 55388, 672, 2305, 29089, 144455, 100526739, 2237, 55215, 54962, 1111, 83990, 9768, 5888, 51514, 10721, 8914, 2956	270	352	20581	4.331018518518519	5.812004810823446E-5	3.632608182509021E-6	3.2185976911201255E-6
GOTERM_BP_DIRECT	GO:0006281~DNA repair	15	5.263157894736842	1.307555073702392E-5	9232, 10635, 672, 2305, 29089, 100526739, 2237, 983, 55215, 1111, 5888, 5427, 10432, 10721, 2956	253	235	16792	4.236481372466571	0.020678081481887545	0.001160818337653568	0.001123770943898667
UP_KEYWORDS	DNA repair	15	5.263157894736842	3.413016165069878E-5	9232, 5111, 10635, 672, 2305, 29089, 100526739, 2237, 55215, 1111, 83990, 9768, 5888, 10721, 2956	270	293	20581	3.902351156617368	0.009240603170250106	4.886002088942142E-4	4.32914155674653E-4

Annotation Cluster 6	Enrichment Score: 3.3838694707196644
Category	Term	Count	%	PValue	Genes	List Total	Pop Hits	Pop Total	Fold Enrichment	Bonferroni	Benjamini	FDR
UP_KEYWORDS	DNA replication	17	5.964912280701754	8.563823617030328E-14	6241, 4173, 4174, 4176, 5111, 5983, 116028, 79075, 55388, 990, 2237, 81620, 8318, 9837, 5427, 51514, 51659	270	94	20581	13.78553979511426	2.3282709094019083E-11	2.117600021665681E-12	1.876255901549372E-12
GOTERM_BP_DIRECT	GO:0006270~DNA replication initiation	8	2.807017543859649	3.8540857742887754E-7	55388, 990, 4173, 4174, 9134, 4176, 8318, 5427	253	32	16792	16.59288537549407	6.156934083246801E-4	4.737560821010356E-5	4.586362071403643E-5
KEGG_PATHWAY	hsa03030:DNA replication	7	2.456140350877193	2.8691486743533002E-5	4173, 4174, 2237, 4176, 5111, 5983, 5427	119	36	6879	11.240196078431373	0.004665860327186189	0.001558904113065293	0.001511084968492738
BIOCARTA	h_mcmPathway:CDK Regulation of DNA Replication	5	1.7543859649122806	0.001397566179641924	990, 4173, 4174, 4176, 81620	48	18	1625	9.403935185185187	0.12685944826734286	0.13556391942526663	0.13276878706598277
INTERPRO	IPR018525:Mini-chromosome maintenance, conserved site	3	1.0526315789473684	0.002698903764883521	4173, 4174, 4176	255	6	18559	36.39019607843137	0.7857163880754523	0.19170281156378433	0.18968488723153393
GOTERM_CC_DIRECT	GO:0000784~nuclear chromosome, telomeric region	8	2.807017543859649	0.0029425315466009437	4173, 4174, 2237, 4176, 983, 5111, 5888, 121504	266	130	18224	4.216078658183921	0.5513662612224395	0.03201474322701827	0.02883680915668925
UP_SEQ_FEATURE	domain:MCM	3	1.0526315789473684	0.004720197137353217	4173, 4174, 4176	269	8	20063	27.968866171003718	0.9889905132176856	0.5628835086293711	0.5617034593450329
INTERPRO	IPR001208:Mini-chromosome maintenance, DNA-dependent ATPase	3	1.0526315789473684	0.0063039901357329585	4173, 4174, 4176	255	9	18559	24.260130718954247	0.9728029885785944	0.32666130703343516	0.32322276695939894
GOTERM_CC_DIRECT	GO:0042555~MCM complex	3	1.0526315789473684	0.007089241244889961	4173, 4174, 4176	266	9	18224	22.83709273182957	0.8555961070039655	0.06886691495035961	0.062030860892787164
SMART	SM00350:MCM	3	1.0526315789473684	0.008112330421260111	4173, 4174, 4176	158	9	10057	21.217299578059073	0.6802954589445902	0.28393156474410386	0.28393156474410386
UP_KEYWORDS	Helicase	6	2.1052631578947367	0.039937009302761936	4173, 3070, 4174, 4176, 83990, 1660	270	143	20581	3.1982905982905985	0.999984670565141	0.2715716632587812	0.2406204810491407
GOTERM_MF_DIRECT	GO:0003678~DNA helicase activity	3	1.0526315789473684	0.0500909933952555	4173, 4174, 4176	255	24	16881	8.274999999999999	0.9999999995769007	0.7254557664140452	0.7030011831678962
INTERPRO	IPR012340:Nucleic acid-binding, OB-fold	3	1.0526315789473684	0.28419576076347686	4173, 4174, 4176	255	77	18559	2.8355996944232236	1.0	1.0	0.9912126537785588

Annotation Cluster 7	Enrichment Score: 3.1200645745085334
Category	Term	Count	%	PValue	Genes	List Total	Pop Hits	Pop Total	Fold Enrichment	Bonferroni	Benjamini	FDR
INTERPRO	IPR004367:Cyclin, C-terminal domain	5	1.7543859649122806	9.014845610081286E-5	891, 57018, 9133, 9134, 890	255	18	18559	20.21677559912854	0.05008895559357218	0.012846154994365833	0.012710932310214612
SMART	SM01332:SM01332	5	1.7543859649122806	1.4747339131475476E-4	891, 57018, 9133, 9134, 890	158	18	10057	17.681082981715893	0.02043609114712064	0.010323137392032833	0.010323137392032833
INTERPRO	IPR006671:Cyclin, N-terminal	5	1.7543859649122806	0.001150566231883095	891, 57018, 9133, 9134, 890	255	34	18559	10.702998846597461	0.4811810629528024	0.10930379202889402	0.10815322579701092
UP_KEYWORDS	Cyclin	5	1.7543859649122806	0.0018016851575743177	891, 57018, 9133, 9134, 890	270	40	20581	9.52824074074074	0.38768006243633846	0.01718614933927366	0.015227433789577029
SMART	SM00385:CYCLIN	5	1.7543859649122806	0.002282201211079909	891, 57018, 9133, 9134, 890	158	36	10057	8.840541490857946	0.27375896576630054	0.10650272318372908	0.10650272318372908
INTERPRO	IPR013763:Cyclin-like	5	1.7543859649122806	0.0030268864983755417	891, 57018, 9133, 9134, 890	255	44	18559	8.270499108734402	0.8223503216619578	0.19170281156378433	0.18968488723153393

Annotation Cluster 8	Enrichment Score: 2.923520040412491
Category	Term	Count	%	PValue	Genes	List Total	Pop Hits	Pop Total	Fold Enrichment	Bonferroni	Benjamini	FDR
GOTERM_BP_DIRECT	GO:0007076~mitotic chromosome condensation	5	1.7543859649122806	5.935094759671961E-5	10592, 51203, 23397, 113130, 64151	253	15	16792	22.12384716732543	0.09048667377408692	0.004311037011798088	0.004173450724187511
GOTERM_CC_DIRECT	GO:0000796~condensin complex	3	1.0526315789473684	0.0020464632356055027	10592, 23397, 64151	266	5	18224	41.10676691729323	0.4271940913163278	0.02420165217759551	0.021799282292319484
UP_KEYWORDS	DNA condensation	3	1.0526315789473684	0.013963949658123885	10592, 23397, 64151	270	14	20581	16.334126984126986	0.9781807504325387	0.10550539741693601	0.09348088521132934

Annotation Cluster 9	Enrichment Score: 2.7393351015561325
Category	Term	Count	%	PValue	Genes	List Total	Pop Hits	Pop Total	Fold Enrichment	Bonferroni	Benjamini	FDR
GOTERM_BP_DIRECT	GO:0000731~DNA synthesis involved in DNA repair	6	2.1052631578947367	1.643602506158716E-4	10635, 672, 5983, 83990, 116028, 5888	253	35	16792	11.377978543195935	0.23100381253281144	0.009056816568419408	0.008767769231129426
GOTERM_BP_DIRECT	GO:0000732~strand displacement	5	1.7543859649122806	5.709038721775713E-4	10635, 672, 83990, 116028, 5888	253	26	16792	12.763757981149285	0.5985068898241875	0.022807609693493974	0.022079707256467566
KEGG_PATHWAY	hsa03460:Fanconi anemia pathway	6	2.1052631578947367	0.0020296458284148706	672, 29089, 55215, 83990, 116028, 5888	119	53	6879	6.544157285555732	0.2819158104566034	0.047482463163973386	0.04602594588900488
UP_KEYWORDS	DNA recombination	6	2.1052631578947367	0.004197860086465341	10635, 672, 5896, 5897, 5888, 84057	270	81	20581	5.646364883401921	0.6815281744650203	0.0356818107349554	0.0316151337761921
GOTERM_BP_DIRECT	GO:0000724~double-strand break repair via homologous recombination	5	1.7543859649122806	0.025148754927140776	10635, 672, 2237, 5888, 10721	253	74	16792	4.484563614998398	1.0	0.42752883376139317	0.4138842965136892

Annotation Cluster 10	Enrichment Score: 2.728619909731779
Category	Term	Count	%	PValue	Genes	List Total	Pop Hits	Pop Total	Fold Enrichment	Bonferroni	Benjamini	FDR
GOTERM_BP_DIRECT	GO:0031145~anaphase-promoting complex-dependent catabolic process	10	3.508771929824561	2.7591230890697373E-6	891, 9212, 4085, 6790, 991, 9232, 983, 11065, 6502, 701	253	79	16792	8.40146094961725	0.004399379034438544	2.9393857975556267E-4	2.8455756125272556E-4
KEGG_PATHWAY	hsa04114:Oocyte meiosis	10	3.508771929824561	1.1041780891489147E-4	891, 6196, 4085, 6790, 991, 9232, 9133, 9134, 983, 699	119	111	6879	5.207812854871679	0.017838080339159124	0.004499525713281828	0.004361503452138213
GOTERM_BP_DIRECT	GO:0042787~protein ubiquitination involved in ubiquitin-dependent protein catabolic process	10	3.508771929824561	5.110618146408512E-4	891, 9212, 4085, 6790, 991, 9232, 983, 11065, 701, 4193	253	153	16792	4.338009248495182	0.5581944991523171	0.020940430251181544	0.020272118647420432
GOTERM_BP_DIRECT	GO:0051436~negative regulation of ubiquitin-protein ligase activity involved in mitotic cell cycle	6	2.1052631578947367	0.004257464759840485	891, 4085, 991, 983, 11065, 701	253	71	16792	5.608862662138841	0.9989060416020783	0.11935839800394903	0.11554908742935491
GOTERM_BP_DIRECT	GO:0051439~regulation of ubiquitin-protein ligase activity involved in mitotic cell cycle	4	1.4035087719298245	0.004737059713802836	891, 991, 983, 11065	253	23	16792	11.542876782952398	0.9994934095107362	0.12616369037761554	0.12213718962088314
GOTERM_BP_DIRECT	GO:0051437~positive regulation of ubiquitin-protein ligase activity involved in regulation of mitotic cell cycle transition	6	2.1052631578947367	0.005687912769407523	891, 4085, 991, 983, 11065, 701	253	76	16792	5.239858539629706	0.9998900222598001	0.1490046656641512	0.14424919761103996
GOTERM_CC_DIRECT	GO:0005680~anaphase-promoting complex	3	1.0526315789473684	0.04360945791132191	991, 11065, 701	266	23	18224	8.936253677672441	0.9999945950191287	0.28931152565559903	0.26059310215302117
GOTERM_BP_DIRECT	GO:0043161~proteasome-mediated ubiquitin-dependent protein catabolic process	6	2.1052631578947367	0.19035467716209337	4085, 991, 983, 11065, 701, 9928	253	203	16792	1.9617204384820575	1.0	1.0	0.9686912961803381

Annotation Cluster 11	Enrichment Score: 2.546152020448301
Category	Term	Count	%	PValue	Genes	List Total	Pop Hits	Pop Total	Fold Enrichment	Bonferroni	Benjamini	FDR
UP_KEYWORDS	Fanconi anemia	4	1.4035087719298245	0.0018323468045549124	29089, 100526739, 55215, 83990	270	19	20581	16.04756335282651	0.39277477383186266	0.01718614933927366	0.015227433789577029
KEGG_PATHWAY	hsa03460:Fanconi anemia pathway	6	2.1052631578947367	0.0020296458284148706	672, 29089, 55215, 83990, 116028, 5888	119	53	6879	6.544157285555732	0.2819158104566034	0.047482463163973386	0.04602594588900488
GOTERM_BP_DIRECT	GO:0036297~interstrand cross-link repair	5	1.7543859649122806	0.006181814985956236	10635, 29089, 100526739, 55215, 5888	253	49	16792	6.7726062757118655	0.9999502848291952	0.1568022277390169	0.15179790132181425

Annotation Cluster 12	Enrichment Score: 2.432250685838511
Category	Term	Count	%	PValue	Genes	List Total	Pop Hits	Pop Total	Fold Enrichment	Bonferroni	Benjamini	FDR
UP_SEQ_FEATURE	binding site:ATP	21	7.368421052631578	6.606054931664804E-5	9212, 6790, 150094, 7153, 6196, 9833, 4751, 1021, 7272, 55872, 10733, 3707, 983, 2268, 699, 1111, 701, 4830, 5634, 11213, 11004	269	558	20063	2.806911300315785	0.06101688612994971	0.015755441012020557	0.015722410737362233
UP_KEYWORDS	Kinase	24	8.421052631578947	1.0674663124535357E-4	9212, 6790, 150094, 6196, 9833, 4751, 1033, 1021, 1163, 7083, 7272, 55872, 10733, 3707, 983, 2268, 699, 1111, 6502, 701, 4830, 5634, 11213, 5208	270	735	20581	2.4890098261526834	0.02861912127411359	0.0013826230332731509	0.0012250446728633434
UP_KEYWORDS	Serine/threonine-protein kinase	15	5.263157894736842	7.08982757319673E-4	9212, 6790, 150094, 6196, 9833, 4751, 1021, 7272, 55872, 10733, 983, 699, 1111, 701, 11213	270	393	20581	2.9093864857223637	0.17544522386516037	0.007713732399638043	0.006834593780561648
INTERPRO	IPR000719:Protein kinase, catalytic domain	17	5.964912280701754	0.0011389107233474613	9212, 6790, 150094, 6196, 9833, 4751, 1021, 7272, 55872, 10733, 983, 2268, 699, 1111, 701, 10221, 11213	255	487	18559	2.5405886379192335	0.4777187649730308	0.10930379202889402	0.10815322579701092
UP_KEYWORDS	Transferase	38	13.333333333333334	0.0016282669962428805	6790, 6196, 11065, 4751, 25840, 1021, 1163, 7083, 330, 672, 29089, 10733, 10678, 2268, 699, 1111, 6502, 5634, 639, 9212, 150094, 7298, 9833, 1033, 2162, 7272, 55872, 586, 3707, 983, 79723, 85465, 701, 4830, 5427, 11213, 5208, 10721	270	1708	20581	1.695892965565097	0.35805303344978245	0.01640328233252087	0.014533790596093858
UP_SEQ_FEATURE	domain:Protein kinase	16	5.614035087719298	0.0020412724493490174	9212, 6790, 150094, 9833, 4751, 1021, 7272, 55872, 10733, 983, 2268, 699, 1111, 701, 10221, 11213	269	478	20063	2.49652361916909	0.8573442405253597	0.3245623194464938	0.32388189529671074
INTERPRO	IPR011009:Protein kinase-like domain	17	5.964912280701754	0.002754011741261644	9212, 6790, 150094, 6196, 9833, 4751, 1021, 7272, 55872, 10733, 983, 2268, 699, 1111, 701, 10221, 11213	255	531	18559	2.3300690521029503	0.7923605828295908	0.19170281156378433	0.18968488723153393
INTERPRO	IPR008271:Serine/threonine-protein kinase, active site	12	4.2105263157894735	0.0038994697006291996	55872, 9212, 6196, 6790, 150094, 983, 9833, 699, 1111, 4751, 1021, 7272	255	312	18559	2.7992458521870285	0.8921531053343876	0.2222697729358644	0.21993009111548686
GOTERM_MF_DIRECT	GO:0004674~protein serine/threonine kinase activity	14	4.912280701754386	0.004712938201726786	9212, 6790, 150094, 6196, 9833, 4751, 7272, 55872, 10733, 983, 699, 1111, 701, 11213	255	376	16881	2.4648936170212763	0.8624975064975808	0.11643729674854414	0.11283328518251777
SMART	SM00220:S_TKc	13	4.56140350877193	0.010454750768007014	9212, 6790, 150094, 6196, 9833, 4751, 1021, 7272, 55872, 983, 699, 1111, 10221	158	359	10057	2.304943408201403	0.7703892932016718	0.2927330215041964	0.2927330215041964
GOTERM_BP_DIRECT	GO:0046777~protein autophosphorylation	8	2.807017543859649	0.015257258879925567	9212, 6790, 150094, 9833, 2268, 4751, 11213, 7272	253	172	16792	3.0870484419523847	0.9999999999786294	0.3134077243616173	0.3034053501798635
INTERPRO	IPR017441:Protein kinase, ATP binding site	12	4.2105263157894735	0.016179699429515554	9212, 6196, 6790, 150094, 10733, 983, 9833, 2268, 699, 1111, 1021, 7272	255	381	18559	2.292295815964181	0.999908379122123	0.7094175903710666	0.7019500367882133
GOTERM_BP_DIRECT	GO:0006468~protein phosphorylation	13	4.56140350877193	0.04299554624797838	9212, 6790, 150094, 4751, 1021, 55872, 10733, 332, 2268, 699, 701, 10221, 11213	253	456	16792	1.8921711393107274	1.0	0.5857366886947272	0.5670429645874485
GOTERM_MF_DIRECT	GO:0004672~protein kinase activity	11	3.8596491228070176	0.0459090651452658	55872, 9212, 6196, 6790, 983, 9833, 699, 1111, 4751, 701, 10221	255	359	16881	2.0284122562674094	0.9999999973226621	0.688635977178987	0.6673210540758279
UP_SEQ_FEATURE	active site:Proton acceptor	15	5.263157894736842	0.0672737678833609	9212, 6790, 150094, 6196, 9833, 4751, 1021, 7272, 55872, 10733, 983, 2268, 699, 1111, 701	269	672	20063	1.664813462559745	1.0	1.0	0.9989506820566632

Annotation Cluster 13	Enrichment Score: 2.120205854174376
Category	Term	Count	%	PValue	Genes	List Total	Pop Hits	Pop Total	Fold Enrichment	Bonferroni	Benjamini	FDR
KEGG_PATHWAY	hsa03030:DNA replication	7	2.456140350877193	2.8691486743533002E-5	4173, 4174, 2237, 4176, 5111, 5983, 5427	119	36	6879	11.240196078431373	0.004665860327186189	0.001558904113065293	0.001511084968492738
GOTERM_BP_DIRECT	GO:0000722~telomere maintenance via recombination	5	1.7543859649122806	0.001279730692098162	2237, 5111, 5983, 5888, 5427	253	32	16792	10.370553359683795	0.8707903880145036	0.04520734514659009	0.04376455753552871
GOTERM_BP_DIRECT	GO:0042276~error-prone translesion synthesis	3	1.0526315789473684	0.0324310717650525	5111, 5983, 5427	253	19	16792	10.479717079259412	1.0	0.498315891159172	0.48241219250515593
KEGG_PATHWAY	hsa03410:Base excision repair	3	1.0526315789473684	0.10928516589001674	2237, 5111, 5427	119	33	6879	5.255156608097784	0.9999999935819117	0.8906741020036365	0.8633528105311323
KEGG_PATHWAY	hsa03420:Nucleotide excision repair	3	1.0526315789473684	0.19256465369250195	5111, 5983, 5427	119	47	6879	3.6897908099409977	0.9999999999999992	1.0	0.9753086419753086

Annotation Cluster 14	Enrichment Score: 2.0558294691041135
Category	Term	Count	%	PValue	Genes	List Total	Pop Hits	Pop Total	Fold Enrichment	Bonferroni	Benjamini	FDR
KEGG_PATHWAY	hsa04115:p53 signaling pathway	9	3.1578947368421053	1.6561801785958505E-5	6241, 891, 9133, 9134, 983, 1111, 27244, 1021, 4193	119	67	6879	7.76508215226389	0.0026959554136759545	0.001349786845555618	0.001308382341090722
BIOCARTA	h_EfpPathway:Estrogen-responsive protein Efp controls cell cycle and breast tumors growth	4	1.4035087719298245	0.009752168931097805	891, 9133, 983, 1021	48	16	1625	8.463541666666666	0.6134921801093534	0.23649009657912176	0.23161401211357288
GOTERM_MF_DIRECT	GO:0004693~cyclin-dependent protein serine/threonine kinase activity	4	1.4035087719298245	0.014284784343242018	891, 9133, 983, 1021	255	34	16881	7.788235294117647	0.997625274658129	0.26085258365920205	0.2527785751173696
GOTERM_BP_DIRECT	GO:0007077~mitotic nuclear envelope disassembly	3	1.0526315789473684	0.14108517126751285	891, 9133, 983	253	44	16792	4.525332375134747	1.0	1.0	0.9686912961803381
BIOCARTA	h_cellcyclePathway:Cyclins and Cell Cycle Regulation	3	1.0526315789473684	0.16154324338701928	891, 983, 1021	48	25	1625	4.0625	0.9999999621884158	1.0	0.9895833333333334

Annotation Cluster 15	Enrichment Score: 1.9594234152675711
Category	Term	Count	%	PValue	Genes	List Total	Pop Hits	Pop Total	Fold Enrichment	Bonferroni	Benjamini	FDR
GOTERM_BP_DIRECT	GO:0032464~positive regulation of protein homooligomerization	3	1.0526315789473684	0.007533219896859749	10018, 90427, 8739	253	9	16792	22.12384716732543	0.9999943488821331	0.1744650057272736	0.16889697362959466
GOTERM_BP_DIRECT	GO:0090200~positive regulation of release of cytochrome c from mitochondria	4	1.4035087719298245	0.00829342257126643	10018, 90427, 10105, 8739	253	28	16792	9.481648785996612	0.9999983390999858	0.1866604122377994	0.18070316503872066
UP_SEQ_FEATURE	short sequence motif:BH3	3	1.0526315789473684	0.021184358387849697	10018, 90427, 8739	269	17	20063	13.161819374589985	0.9999999986260893	1.0	0.9989506820566632

Annotation Cluster 16	Enrichment Score: 1.9095980670325114
Category	Term	Count	%	PValue	Genes	List Total	Pop Hits	Pop Total	Fold Enrichment	Bonferroni	Benjamini	FDR
GOTERM_CC_DIRECT	GO:0000794~condensed nuclear chromosome	5	1.7543859649122806	6.798025195831236E-4	672, 1104, 1111, 4751, 5888	266	28	18224	12.234156820622985	0.1688700875751371	0.009731909754032085	0.008765874594624488
BIOCARTA	h_atmPathway:ATM Signaling Pathway	4	1.4035087719298245	0.02093051701522404	672, 1111, 5888, 4193	48	21	1625	6.448412698412699	0.8714977105029891	0.40605203009534635	0.3976798232892568
BIOCARTA	h_atrbrcaPathway:Role of BRCA1,  BRCA2 and ATR in Cancer Susceptibility	3	1.0526315789473684	0.13123300478961547	672, 1111, 5888	48	22	1625	4.6164772727272725	0.9999988152644678	1.0	0.9895833333333334

Annotation Cluster 17	Enrichment Score: 1.9021751401975056
Category	Term	Count	%	PValue	Genes	List Total	Pop Hits	Pop Total	Fold Enrichment	Bonferroni	Benjamini	FDR
GOTERM_BP_DIRECT	GO:0006977~DNA damage response, signal transduction by p53 class mediator resulting in cell cycle arrest	6	2.1052631578947367	0.0023591078010743367	891, 144455, 6790, 983, 5111, 4193	253	62	16792	6.423052403417059	0.9770470318202511	0.07391871110032922	0.07155960329925487
BIOCARTA	h_g2Pathway:Cell Cycle: G2/M Checkpoint	5	1.7543859649122806	0.004977693265926146	891, 672, 983, 1111, 4193	48	25	1625	6.770833333333333	0.3837126549181443	0.1609454155982787	0.15762695342099461
GOTERM_BP_DIRECT	GO:0045931~positive regulation of mitotic cell cycle	4	1.4035087719298245	0.00829342257126643	891, 332, 983, 4193	253	28	16792	9.481648785996612	0.9999983390999858	0.1866604122377994	0.18070316503872066
GOTERM_BP_DIRECT	GO:0006461~protein complex assembly	4	1.4035087719298245	0.25280736788750313	891, 983, 8936, 4193	253	116	16792	2.288673844895734	1.0	1.0	0.9686912961803381

Annotation Cluster 18	Enrichment Score: 1.0582978994453907
Category	Term	Count	%	PValue	Genes	List Total	Pop Hits	Pop Total	Fold Enrichment	Bonferroni	Benjamini	FDR
SMART	SM00240:FHA	3	1.0526315789473684	0.04945576171205799	4288, 6941, 9928	158	23	10057	8.302421574023116	0.9991756213788601	0.9891152342411598	0.9891152342411598
UP_SEQ_FEATURE	domain:FHA	3	1.0526315789473684	0.07932127251522599	4288, 6941, 9928	269	35	20063	6.392883696229421	1.0	1.0	0.9989506820566632
INTERPRO	IPR000253:Forkhead-associated (FHA) domain	3	1.0526315789473684	0.09094172138654201	4288, 6941, 9928	255	37	18559	5.901112877583465	1.0	1.0	0.9912126537785588
INTERPRO	IPR008984:SMAD/FHA domain	3	1.0526315789473684	0.16384706406136584	4288, 6941, 9928	255	53	18559	4.1196448390677025	1.0	1.0	0.9912126537785588

Annotation Cluster 19	Enrichment Score: 0.7397093084873796
Category	Term	Count	%	PValue	Genes	List Total	Pop Hits	Pop Total	Fold Enrichment	Bonferroni	Benjamini	FDR
GOTERM_BP_DIRECT	GO:0002250~adaptive immune response	6	2.1052631578947367	0.07244474822269761	27242, 5896, 10288, 11024, 639, 8915	253	148	16792	2.6907381689990384	1.0	0.7656264676780081	0.7411915804116888
UP_KEYWORDS	Immunity	10	3.508771929824561	0.20939209436254727	3958, 27242, 2268, 6279, 10288, 11024, 23643, 639, 3669, 8915	270	500	20581	1.5245185185185184	1.0	0.9562690426603004	0.8472824973571045
UP_KEYWORDS	Adaptive immunity	4	1.4035087719298245	0.39801999174082914	27242, 10288, 11024, 639	270	174	20581	1.7523201362281824	1.0	1.0	0.8892988929889298

Annotation Cluster 20	Enrichment Score: 0.6574074266708257
Category	Term	Count	%	PValue	Genes	List Total	Pop Hits	Pop Total	Fold Enrichment	Bonferroni	Benjamini	FDR
GOTERM_BP_DIRECT	GO:0045087~innate immune response	10	3.508771929824561	0.19874571102854532	2207, 3537, 1667, 3958, 2268, 3543, 6279, 23643, 639, 8915	253	430	16792	1.5435242209761928	1.0	1.0	0.9686912961803381
UP_KEYWORDS	Immunity	10	3.508771929824561	0.20939209436254727	3958, 27242, 2268, 6279, 10288, 11024, 23643, 639, 3669, 8915	270	500	20581	1.5245185185185184	1.0	0.9562690426603004	0.8472824973571045
UP_KEYWORDS	Innate immunity	6	2.1052631578947367	0.2561649306500514	3958, 2268, 6279, 23643, 639, 3669	270	261	20581	1.7523201362281824	1.0	1.0	0.8892988929889298

Annotation Cluster 21	Enrichment Score: 0.6232123770483649
Category	Term	Count	%	PValue	Genes	List Total	Pop Hits	Pop Total	Fold Enrichment	Bonferroni	Benjamini	FDR
UP_KEYWORDS	Helicase	6	2.1052631578947367	0.039937009302761936	4173, 3070, 4174, 4176, 83990, 1660	270	143	20581	3.1982905982905985	0.999984670565141	0.2715716632587812	0.2406204810491407
INTERPRO	IPR014001:Helicase, superfamily 1/2, ATP-binding domain	4	1.4035087719298245	0.19127959089325317	3070, 83990, 1660, 10721	255	110	18559	2.646559714795009	1.0	1.0	0.9912126537785588
SMART	SM00487:DEXDc	4	1.4035087719298245	0.24211197137669827	3070, 83990, 1660, 10721	158	109	10057	2.3358494948321913	1.0	1.0	1.0
INTERPRO	IPR001650:Helicase, C-terminal	3	1.0526315789473684	0.4363873245436023	3070, 1660, 10721	255	108	18559	2.021677559912854	1.0	1.0	0.9912126537785588
UP_SEQ_FEATURE	domain:Helicase ATP-binding	3	1.0526315789473684	0.45143026665585684	3070, 83990, 1660	269	114	20063	1.962727450596752	1.0	1.0	0.9989506820566632
SMART	SM00490:HELICc	3	1.0526315789473684	0.5002677412176426	3070, 1660, 10721	158	107	10057	1.7846326747900154	1.0	1.0	1.0

Annotation Cluster 22	Enrichment Score: 0.5977876412941495
Category	Term	Count	%	PValue	Genes	List Total	Pop Hits	Pop Total	Fold Enrichment	Bonferroni	Benjamini	FDR
GOTERM_BP_DIRECT	GO:0000122~negative regulation of transcription from RNA polymerase II promoter	18	6.315789473684211	0.04404179911047973	9212, 7466, 3398, 26147, 4193, 2305, 144455, 10628, 10507, 79733, 51176, 3399, 79723, 5457, 1958, 639, 7704, 8914	253	720	16792	1.6592885375494073	1.0	0.5857366886947272	0.5670429645874485
UP_KEYWORDS	Repressor	14	4.912280701754386	0.0486379279214258	4332, 3398, 26147, 256380, 79682, 144455, 10659, 332, 79733, 3399, 79723, 55635, 639, 10432	270	592	20581	1.80264014014014	0.9999987115526058	0.32267113157628824	0.2858961129039907
UP_KEYWORDS	Transcription regulation	29	10.175438596491228	0.712423232571269	22936, 4332, 195828, 2305, 144455, 672, 332, 29028, 79733, 3399, 5457, 6941, 55723, 1958, 639, 10432, 3070, 3398, 26147, 256380, 79682, 57018, 10628, 51176, 687, 79723, 55635, 7704, 8914	270	2332	20581	0.947921034241789	1.0	1.0	0.8892988929889298
UP_KEYWORDS	Transcription	29	10.175438596491228	0.7654769243920961	22936, 4332, 195828, 2305, 144455, 672, 332, 29028, 79733, 3399, 5457, 6941, 55723, 1958, 639, 10432, 3070, 3398, 26147, 256380, 79682, 57018, 10628, 51176, 687, 79723, 55635, 7704, 8914	270	2398	20581	0.9218314644920149	1.0	1.0	0.8892988929889298
GOTERM_BP_DIRECT	GO:0006351~transcription, DNA-templated	25	8.771929824561402	0.8781152110247666	4332, 195828, 2305, 144455, 672, 332, 29028, 79733, 3399, 6941, 55723, 639, 10432, 3070, 3398, 26147, 256380, 79682, 57018, 10628, 687, 79723, 55635, 7704, 8914	253	1955	16792	0.8487409399229704	1.0	1.0	0.9686912961803381

Annotation Cluster 23	Enrichment Score: 0.550552815212694
Category	Term	Count	%	PValue	Genes	List Total	Pop Hits	Pop Total	Fold Enrichment	Bonferroni	Benjamini	FDR
KEGG_PATHWAY	hsa04120:Ubiquitin mediated proteolysis	7	2.456140350877193	0.029969695507061685	330, 8651, 672, 991, 11065, 6502, 4193	119	137	6879	2.9536281665951054	0.9929853783062409	0.4440963970591868	0.43047380819234055
GOTERM_BP_DIRECT	GO:0051865~protein autoubiquitination	4	1.4035087719298245	0.03904731701236795	672, 29089, 5896, 4193	253	50	16792	5.309723320158103	1.0	0.5571215409443213	0.5393410662333323
GOTERM_MF_DIRECT	GO:0004842~ubiquitin-protein transferase activity	9	3.1578947368421053	0.12464245235097979	330, 672, 29089, 332, 11065, 6502, 5896, 51514, 4193	255	329	16881	1.8109422492401215	1.0	1.0	0.9713603818615751
GOTERM_BP_DIRECT	GO:0016567~protein ubiquitination	9	3.1578947368421053	0.17516035132804855	330, 8651, 672, 332, 11065, 83461, 5897, 7704, 4193	253	359	16792	1.6639105111916062	1.0	1.0	0.9686912961803381
UP_KEYWORDS	Ubl conjugation pathway	12	4.2105263157894735	0.27306924652036757	330, 8651, 672, 29089, 991, 11065, 6502, 5896, 83461, 7704, 51514, 4193	270	680	20581	1.3451633986928107	1.0	1.0	0.8892988929889298
INTERPRO	IPR013083:Zinc finger, RING/FYVE/PHD-type	7	2.456140350877193	0.5894267882941553	672, 25924, 221472, 5896, 26147, 6941, 4193	255	453	18559	1.124641821408475	1.0	1.0	0.9912126537785588
UP_SEQ_FEATURE	zinc finger region:RING-type	4	1.4035087719298245	0.5957365224106702	330, 672, 5896, 4193	269	230	20063	1.2971068369161143	1.0	1.0	0.9989506820566632
UP_KEYWORDS	Ligase	5	1.7543859649122806	0.6674954862639819	672, 10606, 5896, 123283, 4193	270	347	20581	1.0983562813533994	1.0	1.0	0.8892988929889298
INTERPRO	IPR001841:Zinc finger, RING-type	4	1.4035087719298245	0.771676626313506	330, 672, 5896, 4193	255	295	18559	0.9868527750083084	1.0	1.0	0.9912126537785588
GOTERM_MF_DIRECT	GO:0016874~ligase activity	4	1.4035087719298245	0.7754848647560215	330, 672, 5896, 4193	255	270	16881	0.9807407407407407	1.0	1.0	0.9713603818615751
SMART	SM00184:RING	3	1.0526315789473684	0.8981105915104983	330, 672, 5896	158	244	10057	0.7826053123054576	1.0	1.0	1.0

Annotation Cluster 24	Enrichment Score: 0.529685897499832
Category	Term	Count	%	PValue	Genes	List Total	Pop Hits	Pop Total	Fold Enrichment	Bonferroni	Benjamini	FDR
GOTERM_BP_DIRECT	GO:0006955~immune response	16	5.614035087719298	0.0017892857614879793	5272, 9466, 5473, 1230, 1667, 27242, 3537, 2215, 8809, 10507, 3543, 3553, 5896, 944, 10288, 8807	253	421	16792	2.5224338813102625	0.9428365022549712	0.05835262544607737	0.05649030761269192
KEGG_PATHWAY	hsa04380:Osteoclast differentiation	6	2.1052631578947367	0.07408847660249587	8651, 3459, 2215, 3553, 10288, 11024	119	131	6879	2.6476361536981203	0.9999964451054089	0.7103777462474604	0.6885870178349617
UP_KEYWORDS	Immunoglobulin domain	11	3.8596491228070176	0.18292771098088312	3537, 3459, 2215, 8809, 10507, 3543, 153579, 10288, 3572, 11024, 8807	270	546	20581	1.5356871523538191	1.0	0.8885060247642894	0.7872424704713006
UP_SEQ_FEATURE	domain:Ig-like C2-type 1	5	1.7543859649122806	0.2843568518924386	2215, 8809, 10288, 11024, 8807	269	202	20063	1.8461297802642718	1.0	1.0	0.9989506820566632
UP_SEQ_FEATURE	domain:Ig-like C2-type 2	5	1.7543859649122806	0.28699932761513747	2215, 8809, 10288, 11024, 8807	269	203	20063	1.837035544893512	1.0	1.0	0.9989506820566632
UP_SEQ_FEATURE	domain:Ig-like C2-type 3	3	1.0526315789473684	0.5119671390166995	8809, 10288, 11024	269	128	20063	1.7480541356877324	1.0	1.0	0.9989506820566632
GOTERM_MF_DIRECT	GO:0004872~receptor activity	4	1.4035087719298245	0.637125306734199	8809, 10507, 10288, 8807	255	217	16881	1.2202764976958524	1.0	1.0	0.9713603818615751
INTERPRO	IPR013783:Immunoglobulin-like fold	13	4.56140350877193	0.6551969138523339	9466, 153579, 3572, 2162, 3537, 3459, 2215, 8809, 10507, 3543, 10288, 11024, 8807	255	951	18559	0.9948949506195748	1.0	1.0	0.9912126537785588
INTERPRO	IPR003599:Immunoglobulin subtype	7	2.456140350877193	0.6782610267238939	2215, 8809, 10507, 153579, 10288, 11024, 8807	255	497	18559	1.0250759458713063	1.0	1.0	0.9912126537785588
INTERPRO	IPR007110:Immunoglobulin-like domain	10	3.508771929824561	0.7329463390652019	3537, 2215, 8809, 10507, 3543, 153579, 10288, 3572, 11024, 8807	255	771	18559	0.943973957935963	1.0	1.0	0.9912126537785588
SMART	SM00409:IG	7	2.456140350877193	0.7947650153562174	2215, 8809, 10507, 153579, 10288, 11024, 8807	158	497	10057	0.896505615974327	1.0	1.0	1.0
INTERPRO	IPR003598:Immunoglobulin subtype 2	3	1.0526315789473684	0.8592572485699514	10507, 10288, 11024	255	250	18559	0.8733647058823529	1.0	1.0	0.9912126537785588
SMART	SM00408:IGc2	3	1.0526315789473684	0.9056473288130352	10507, 10288, 11024	158	250	10057	0.7638227848101267	1.0	1.0	1.0

Annotation Cluster 25	Enrichment Score: 0.5095427482526546
Category	Term	Count	%	PValue	Genes	List Total	Pop Hits	Pop Total	Fold Enrichment	Bonferroni	Benjamini	FDR
UP_KEYWORDS	Guanine-nucleotide releasing factor	5	1.7543859649122806	0.13162220516309597	1104, 1894, 6654, 221472, 22898	270	149	20581	2.5579169773800645	1.0	0.730637547027798	0.6473663560062475
UP_SEQ_FEATURE	domain:DH	3	1.0526315789473684	0.23027156838259283	1894, 6654, 221472	269	68	20063	3.2904548436474963	1.0	1.0	0.9989506820566632
INTERPRO	IPR000219:Dbl homology (DH) domain	3	1.0526315789473684	0.2537277158003724	1894, 6654, 221472	255	71	18559	3.0752278376139186	1.0	1.0	0.9912126537785588
GOTERM_MF_DIRECT	GO:0005085~guanyl-nucleotide exchange factor activity	4	1.4035087719298245	0.2621348090677662	1894, 6654, 221472, 6915	255	118	16881	2.244067796610169	1.0	1.0	0.9713603818615751
SMART	SM00325:RhoGEF	3	1.0526315789473684	0.2870977846091625	1894, 6654, 221472	158	68	10057	2.8081720029784067	1.0	1.0	1.0
GOTERM_MF_DIRECT	GO:0005089~Rho guanyl-nucleotide exchange factor activity	3	1.0526315789473684	0.3229063692164481	1894, 6654, 221472	255	77	16881	2.579220779220779	1.0	1.0	0.9713603818615751
GOTERM_BP_DIRECT	GO:0051056~regulation of small GTPase mediated signal transduction	4	1.4035087719298245	0.3263009922673128	1894, 6654, 221472, 55789	253	134	16792	1.9812400448351126	1.0	1.0	0.9686912961803381
GOTERM_BP_DIRECT	GO:0035023~regulation of Rho protein signal transduction	3	1.0526315789473684	0.34375579726470556	1894, 6654, 221472	253	81	16792	2.4582052408139363	1.0	1.0	0.9686912961803381
GOTERM_BP_DIRECT	GO:0043547~positive regulation of GTPase activity	11	3.8596491228070176	0.3439191304895383	10602, 1104, 10507, 1894, 6654, 221472, 64744, 55635, 55789, 6915, 22898	253	565	16792	1.2921893035782992	1.0	1.0	0.9686912961803381
GOTERM_MF_DIRECT	GO:0005096~GTPase activator activity	6	2.1052631578947367	0.41037823099108195	10602, 1894, 6654, 64744, 55635, 55789	255	279	16881	1.4236559139784946	1.0	1.0	0.9713603818615751
INTERPRO	IPR011993:Pleckstrin homology-like domain	5	1.7543859649122806	0.8393675117665114	1894, 6654, 221472, 54443, 6645	255	427	18559	0.8522294163567067	1.0	1.0	0.9912126537785588

Annotation Cluster 26	Enrichment Score: 0.46255423792969785
Category	Term	Count	%	PValue	Genes	List Total	Pop Hits	Pop Total	Fold Enrichment	Bonferroni	Benjamini	FDR
KEGG_PATHWAY	hsa05214:Glioma	3	1.0526315789473684	0.30698111146106877	6654, 1021, 4193	119	65	6879	2.6680025856496448	1.0	1.0	0.9753086419753086
KEGG_PATHWAY	hsa05220:Chronic myeloid leukemia	3	1.0526315789473684	0.3511472270330318	6654, 1021, 4193	119	72	6879	2.408613445378151	1.0	1.0	0.9753086419753086
KEGG_PATHWAY	hsa04151:PI3K-Akt signaling pathway	8	2.807017543859649	0.379958696277137	54541, 672, 10018, 3326, 9134, 6654, 1021, 4193	119	345	6879	1.3404457435147972	1.0	1.0	0.9753086419753086

Annotation Cluster 27	Enrichment Score: 0.44375931956210535
Category	Term	Count	%	PValue	Genes	List Total	Pop Hits	Pop Total	Fold Enrichment	Bonferroni	Benjamini	FDR
GOTERM_MF_DIRECT	GO:0005525~GTP binding	10	3.508771929824561	0.12690774615845052	115361, 7277, 22836, 3326, 55303, 168537, 387751, 11031, 4830, 22974	255	384	16881	1.7239583333333333	1.0	1.0	0.9713603818615751
UP_SEQ_FEATURE	nucleotide phosphate-binding region:GTP	6	2.1052631578947367	0.4049924854692841	115361, 7277, 55303, 168537, 387751, 11031	269	310	20063	1.4435543830195465	1.0	1.0	0.9989506820566632
UP_KEYWORDS	GTP-binding	6	2.1052631578947367	0.47537951642850323	115361, 7277, 55303, 168537, 387751, 11031	270	343	20581	1.333398121153223	1.0	1.0	0.8892988929889298
GOTERM_MF_DIRECT	GO:0003924~GTPase activity	4	1.4035087719298245	0.6870481284380149	115361, 7277, 168537, 11031	255	234	16881	1.1316239316239316	1.0	1.0	0.9713603818615751

Annotation Cluster 28	Enrichment Score: 0.413005073860659
Category	Term	Count	%	PValue	Genes	List Total	Pop Hits	Pop Total	Fold Enrichment	Bonferroni	Benjamini	FDR
UP_KEYWORDS	Actin-binding	6	2.1052631578947367	0.28891487044680697	25924, 9788, 54443, 6645, 8936, 2934	270	274	20581	1.6691808596918087	1.0	1.0	0.8892988929889298
GOTERM_MF_DIRECT	GO:0003779~actin binding	6	2.1052631578947367	0.4061086731221256	25924, 81930, 54443, 6645, 8936, 2934	255	278	16881	1.4287769784172661	1.0	1.0	0.9713603818615751
GOTERM_CC_DIRECT	GO:0045202~synapse	4	1.4035087719298245	0.49155556612799767	25924, 6645, 8936, 4193	266	181	18224	1.5140613965853862	1.0	1.0	0.9040590405904059

Annotation Cluster 29	Enrichment Score: 0.3685887349995946
Category	Term	Count	%	PValue	Genes	List Total	Pop Hits	Pop Total	Fold Enrichment	Bonferroni	Benjamini	FDR
UP_SEQ_FEATURE	domain:SH2	3	1.0526315789473684	0.3678189407010851	8651, 2268, 6503	269	96	20063	2.330738847583643	1.0	1.0	0.9989506820566632
UP_KEYWORDS	SH2 domain	3	1.0526315789473684	0.4134568715666058	8651, 2268, 6503	270	108	20581	2.11738683127572	1.0	1.0	0.8892988929889298
INTERPRO	IPR000980:SH2 domain	3	1.0526315789473684	0.4594046454335939	8651, 2268, 6503	255	113	18559	1.9322228006246744	1.0	1.0	0.9912126537785588
SMART	SM00252:SH2	3	1.0526315789473684	0.48015933220682017	8651, 2268, 6503	158	103	10057	1.8539387980828315	1.0	1.0	1.0

Annotation Cluster 30	Enrichment Score: 0.3595001041300531
Category	Term	Count	%	PValue	Genes	List Total	Pop Hits	Pop Total	Fold Enrichment	Bonferroni	Benjamini	FDR
UP_SEQ_FEATURE	lipid moiety-binding region:GPI-anchor amidated serine	3	1.0526315789473684	0.1671735395638183	1800, 2215, 1368	269	55	20063	4.0681987157823585	1.0	1.0	0.9989506820566632
GOTERM_CC_DIRECT	GO:0031225~anchored component of membrane	3	1.0526315789473684	0.49102125796288826	1800, 2215, 1368	266	113	18224	1.8188834919156298	1.0	1.0	0.9040590405904059
UP_KEYWORDS	GPI-anchor	3	1.0526315789473684	0.5367055595316412	1800, 2215, 1368	270	137	20581	1.6691808596918087	1.0	1.0	0.8892988929889298
UP_SEQ_FEATURE	propeptide:Removed in mature form	3	1.0526315789473684	0.8279338842367786	1800, 2215, 1368	269	237	20063	0.9440967483883111	1.0	1.0	0.9989506820566632

Annotation Cluster 31	Enrichment Score: 0.35828100112964195
Category	Term	Count	%	PValue	Genes	List Total	Pop Hits	Pop Total	Fold Enrichment	Bonferroni	Benjamini	FDR
GOTERM_BP_DIRECT	GO:0098609~cell-cell adhesion	6	2.1052631578947367	0.3838278888337751	9133, 3326, 10606, 23670, 54443, 6282	253	271	16792	1.4694806236599913	1.0	1.0	0.9686912961803381
GOTERM_MF_DIRECT	GO:0098641~cadherin binding involved in cell-cell adhesion	6	2.1052631578947367	0.44244856995168874	9133, 3326, 10606, 23670, 54443, 6282	255	290	16881	1.369655172413793	1.0	1.0	0.9713603818615751
GOTERM_CC_DIRECT	GO:0005913~cell-cell adherens junction	6	2.1052631578947367	0.4956301000562605	9133, 3326, 10606, 23670, 54443, 6282	266	323	18224	1.2726553225168185	1.0	1.0	0.9040590405904059

Annotation Cluster 32	Enrichment Score: 0.2943908859336876
Category	Term	Count	%	PValue	Genes	List Total	Pop Hits	Pop Total	Fold Enrichment	Bonferroni	Benjamini	FDR
UP_SEQ_FEATURE	repeat:WD 7	4	1.4035087719298245	0.3279670400087631	991, 79968, 11169, 51514	269	151	20063	1.9757256456338166	1.0	1.0	0.9989506820566632
INTERPRO	IPR019775:WD40 repeat, conserved site	4	1.4035087719298245	0.3932830562126547	991, 11169, 51514, 22898	255	166	18559	1.753744389321994	1.0	1.0	0.9912126537785588
UP_SEQ_FEATURE	repeat:WD 6	4	1.4035087719298245	0.4866360219495507	991, 79968, 11169, 51514	269	196	20063	1.5221151657689098	1.0	1.0	0.9989506820566632
UP_SEQ_FEATURE	repeat:WD 3	5	1.7543859649122806	0.4869772548292086	991, 79968, 11169, 51514, 22898	269	269	20063	1.386313069194732	1.0	1.0	0.9989506820566632
INTERPRO	IPR015943:WD40/YVTN repeat-like-containing domain	6	2.1052631578947367	0.4913247419925849	991, 10507, 79968, 11169, 51514, 22898	255	331	18559	1.3192820330549138	1.0	1.0	0.9912126537785588
INTERPRO	IPR001680:WD40 repeat	5	1.7543859649122806	0.5015651989883061	991, 79968, 11169, 51514, 22898	255	268	18559	1.3578431372549018	1.0	1.0	0.9912126537785588
UP_KEYWORDS	WD repeat	5	1.7543859649122806	0.5022791528193808	991, 79968, 11169, 51514, 22898	270	281	20581	1.3563332015289309	1.0	1.0	0.8892988929889298
UP_SEQ_FEATURE	repeat:WD 1	5	1.7543859649122806	0.5127379203892487	991, 79968, 11169, 51514, 22898	269	278	20063	1.3414324302639673	1.0	1.0	0.9989506820566632
UP_SEQ_FEATURE	repeat:WD 2	5	1.7543859649122806	0.5127379203892487	991, 79968, 11169, 51514, 22898	269	278	20063	1.3414324302639673	1.0	1.0	0.9989506820566632
SMART	SM00320:WD40	5	1.7543859649122806	0.6033113952159613	991, 79968, 11169, 51514, 22898	158	267	10057	1.1919831223628692	1.0	1.0	1.0
INTERPRO	IPR017986:WD40-repeat-containing domain	5	1.7543859649122806	0.6057084574152598	991, 79968, 11169, 51514, 22898	255	306	18559	1.1892220940663847	1.0	1.0	0.9912126537785588
UP_SEQ_FEATURE	repeat:WD 5	4	1.4035087719298245	0.6160331003529964	991, 79968, 11169, 51514	269	237	20063	1.258795664517748	1.0	1.0	0.9989506820566632
UP_SEQ_FEATURE	repeat:WD 4	4	1.4035087719298245	0.6650110222187933	991, 79968, 11169, 51514	269	255	20063	1.1699394999635542	1.0	1.0	0.9989506820566632

Annotation Cluster 33	Enrichment Score: 0.2344792807111518
Category	Term	Count	%	PValue	Genes	List Total	Pop Hits	Pop Total	Fold Enrichment	Bonferroni	Benjamini	FDR
GOTERM_MF_DIRECT	GO:0000166~nucleotide binding	7	2.456140350877193	0.4211213712252604	990, 10659, 7298, 2521, 5888, 27303, 10432	255	348	16881	1.3316091954022988	1.0	1.0	0.9713603818615751
UP_SEQ_FEATURE	domain:RRM 1	3	1.0526315789473684	0.4993643998225043	10659, 27303, 10432	269	125	20063	1.7900074349442379	1.0	1.0	0.9989506820566632
UP_SEQ_FEATURE	domain:RRM 2	3	1.0526315789473684	0.4993643998225043	10659, 27303, 10432	269	125	20063	1.7900074349442379	1.0	1.0	0.9989506820566632
INTERPRO	IPR000504:RNA recognition motif domain	4	1.4035087719298245	0.6004113384640194	10659, 2521, 27303, 10432	255	226	18559	1.288148533749783	1.0	1.0	0.9912126537785588
UP_KEYWORDS	RNA-binding	9	3.1578947368421053	0.6436525486794531	10635, 10659, 2521, 678, 1660, 1719, 27303, 10432, 3669	270	665	20581	1.0316290726817043	1.0	1.0	0.8892988929889298
SMART	SM00360:RRM	4	1.4035087719298245	0.6473240445048696	10659, 2521, 27303, 10432	158	212	10057	1.20097922139957	1.0	1.0	1.0
INTERPRO	IPR012677:Nucleotide-binding, alpha-beta plait	4	1.4035087719298245	0.7035524564953048	10659, 2521, 27303, 10432	255	264	18559	1.1027332144979205	1.0	1.0	0.9912126537785588
GOTERM_MF_DIRECT	GO:0003723~RNA binding	8	2.807017543859649	0.7201197397549812	10635, 672, 10659, 2521, 8635, 27303, 10432, 123283	255	547	16881	0.9681901279707495	1.0	1.0	0.9713603818615751

Annotation Cluster 34	Enrichment Score: 0.15826623116028793
Category	Term	Count	%	PValue	Genes	List Total	Pop Hits	Pop Total	Fold Enrichment	Bonferroni	Benjamini	FDR
UP_SEQ_FEATURE	repeat:5	3	1.0526315789473684	0.6363220583824327	3958, 4288, 2055	269	161	20063	1.3897573252672655	1.0	1.0	0.9989506820566632
UP_SEQ_FEATURE	repeat:1	4	1.4035087719298245	0.6701640084655542	3958, 4288, 2055, 57082	269	257	20063	1.1608349124151995	1.0	1.0	0.9989506820566632
UP_SEQ_FEATURE	repeat:2	4	1.4035087719298245	0.6777847889477032	3958, 4288, 2055, 57082	269	260	20063	1.1474406634257934	1.0	1.0	0.9989506820566632
UP_SEQ_FEATURE	repeat:3	3	1.0526315789473684	0.8053509563008387	3958, 4288, 2055	269	225	20063	0.9944485749690211	1.0	1.0	0.9989506820566632

Annotation Cluster 35	Enrichment Score: 0.11285486881347406
Category	Term	Count	%	PValue	Genes	List Total	Pop Hits	Pop Total	Fold Enrichment	Bonferroni	Benjamini	FDR
UP_SEQ_FEATURE	domain:SH3	3	1.0526315789473684	0.6810774541466527	4739, 2268, 6503	269	175	20063	1.2785767392458842	1.0	1.0	0.9989506820566632
UP_KEYWORDS	SH3 domain	3	1.0526315789473684	0.7742485460894828	4739, 2268, 6503	270	215	20581	1.0636175710594316	1.0	1.0	0.8892988929889298
INTERPRO	IPR001452:Src homology-3 domain	3	1.0526315789473684	0.8022009151474943	4739, 2268, 6503	255	218	18559	1.0015650296815974	1.0	1.0	0.9912126537785588
SMART	SM00326:SH3	3	1.0526315789473684	0.836027319006557	4739, 2268, 6503	158	206	10057	0.9269693990414157	1.0	1.0	1.0

Annotation Cluster 36	Enrichment Score: 0.10786051401618472
Category	Term	Count	%	PValue	Genes	List Total	Pop Hits	Pop Total	Fold Enrichment	Bonferroni	Benjamini	FDR
INTERPRO	IPR001849:Pleckstrin homology domain	4	1.4035087719298245	0.7201682097635544	6654, 221472, 54443, 6645	255	271	18559	1.0742493307286014	1.0	1.0	0.9912126537785588
SMART	SM00233:PH	4	1.4035087719298245	0.7852941385777089	6654, 221472, 54443, 6645	158	264	10057	0.9644227080935941	1.0	1.0	1.0
INTERPRO	IPR011993:Pleckstrin homology-like domain	5	1.7543859649122806	0.8393675117665114	1894, 6654, 221472, 54443, 6645	255	427	18559	0.8522294163567067	1.0	1.0	0.9912126537785588

Annotation Cluster 37	Enrichment Score: 0.09032726147532465
Category	Term	Count	%	PValue	Genes	List Total	Pop Hits	Pop Total	Fold Enrichment	Bonferroni	Benjamini	FDR
INTERPRO	IPR013083:Zinc finger, RING/FYVE/PHD-type	7	2.456140350877193	0.5894267882941553	672, 25924, 221472, 5896, 26147, 6941, 4193	255	453	18559	1.124641821408475	1.0	1.0	0.9912126537785588
UP_KEYWORDS	Metal-binding	45	15.789473684210526	0.7408088921754834	25924, 6196, 5142, 6279, 4751, 3684, 195828, 3043, 7083, 4193, 330, 55388, 672, 332, 2521, 221472, 678, 5896, 83990, 5897, 6941, 5634, 1958, 639, 6241, 9212, 150094, 7153, 64744, 26147, 2162, 6282, 1800, 11339, 1368, 2237, 687, 3047, 79723, 85465, 4830, 5723, 7704, 3669, 2934	270	3640	20581	0.9423534798534798	1.0	1.0	0.8892988929889298
GOTERM_MF_DIRECT	GO:0008270~zinc ion binding	16	5.614035087719298	0.7749546442927723	25924, 6279, 26147, 7083, 4193, 1800, 330, 672, 332, 1368, 2521, 79723, 5896, 5897, 6941, 1958	255	1169	16881	0.9060735671514114	1.0	1.0	0.9713603818615751
UP_KEYWORDS	Zinc	25	8.771929824561402	0.9213491668690653	25924, 6279, 195828, 7083, 4193, 330, 55388, 672, 332, 2521, 221472, 678, 5896, 5897, 6941, 1958, 639, 64744, 26147, 1800, 11339, 1368, 687, 79723, 7704	270	2348	20581	0.8116048331124992	1.0	1.0	0.9213491668690653
UP_KEYWORDS	Zinc-finger	18	6.315789473684211	0.9359747028495291	25924, 64744, 195828, 26147, 4193, 330, 55388, 672, 687, 2521, 221472, 678, 5896, 5897, 6941, 1958, 639, 7704	270	1781	20581	0.770391166011604	1.0	1.0	0.9359747028495291
GOTERM_MF_DIRECT	GO:0046872~metal ion binding	22	7.719298245614035	0.9838654975938683	6241, 9212, 5142, 3684, 4751, 64744, 195828, 2162, 1800, 11339, 55388, 332, 687, 221472, 678, 5896, 83990, 85465, 1958, 639, 7704, 3669	255	2069	16881	0.7039149347510875	1.0	1.0	0.9838654975938683

Annotation Cluster 38	Enrichment Score: 0.0534821225155292
Category	Term	Count	%	PValue	Genes	List Total	Pop Hits	Pop Total	Fold Enrichment	Bonferroni	Benjamini	FDR
GOTERM_CC_DIRECT	GO:0005759~mitochondrial matrix	5	1.7543859649122806	0.7033112103531606	7298, 5888, 2271, 10105, 10797	266	327	18224	1.0475730610930996	1.0	1.0	0.9040590405904059
UP_SEQ_FEATURE	transit peptide:Mitochondrion	3	1.0526315789473684	0.9891297875744107	2271, 10105, 10797	269	482	20063	0.4642135464067007	1.0	1.0	0.9989506820566632
UP_KEYWORDS	Transit peptide	3	1.0526315789473684	0.9934655498464958	2271, 10105, 10797	270	536	20581	0.4266376451077944	1.0	1.0	0.9934655498464958

Annotation Cluster 39	Enrichment Score: 0.043618502425169015
Category	Term	Count	%	PValue	Genes	List Total	Pop Hits	Pop Total	Fold Enrichment	Bonferroni	Benjamini	FDR
GOTERM_MF_DIRECT	GO:0001077~transcriptional activator activity, RNA polymerase II core promoter proximal region sequence-specific binding	3	1.0526315789473684	0.8731742154944082	51176, 5457, 1958	255	236	16881	0.8415254237288136	1.0	1.0	0.9713603818615751
GOTERM_BP_DIRECT	GO:0006366~transcription from RNA polymerase II promoter	6	2.1052631578947367	0.8873685645713695	2305, 9232, 51176, 9319, 5457, 1958	253	513	16792	0.776275339204401	1.0	1.0	0.9686912961803381
GOTERM_MF_DIRECT	GO:0043565~sequence-specific DNA binding	5	1.7543859649122806	0.954859669684145	2305, 51176, 5896, 5457, 1958	255	518	16881	0.638996138996139	1.0	1.0	0.9713603818615751

Annotation Cluster 40	Enrichment Score: 0.042091616586823796
Category	Term	Count	%	PValue	Genes	List Total	Pop Hits	Pop Total	Fold Enrichment	Bonferroni	Benjamini	FDR
UP_SEQ_FEATURE	repeat:LRR 4	3	1.0526315789473684	0.857412313102514	81611, 6502, 1062	269	255	20063	0.8774546249726656	1.0	1.0	0.9989506820566632
UP_SEQ_FEATURE	repeat:LRR 3	3	1.0526315789473684	0.9139570007819688	81611, 6502, 1062	269	302	20063	0.7408971171126812	1.0	1.0	0.9989506820566632
UP_SEQ_FEATURE	repeat:LRR 1	3	1.0526315789473684	0.9302066235982372	81611, 6502, 1062	269	321	20063	0.6970433936698746	1.0	1.0	0.9989506820566632
UP_SEQ_FEATURE	repeat:LRR 2	3	1.0526315789473684	0.930976302076675	81611, 6502, 1062	269	322	20063	0.6948786626336327	1.0	1.0	0.9989506820566632

Annotation Cluster 41	Enrichment Score: 0.030749371862183877
Category	Term	Count	%	PValue	Genes	List Total	Pop Hits	Pop Total	Fold Enrichment	Bonferroni	Benjamini	FDR
UP_SEQ_FEATURE	disulfide bond	38	13.333333333333334	0.6603478539440422	3684, 153579, 23166, 23643, 4192, 2171, 2207, 3537, 27242, 3958, 3459, 8809, 26011, 931, 9934, 11024, 8807, 10875, 5473, 9976, 4069, 1230, 3572, 3492, 6282, 1800, 1667, 1368, 2215, 10507, 3543, 944, 10288, 8635, 113791, 7803, 6915, 2934	269	2917	20063	0.9716072809947583	1.0	1.0	0.9989506820566632
UP_KEYWORDS	Receptor	20	7.017543859649122	0.7488700809713443	9466, 5026, 3684, 23166, 1230, 58475, 3572, 3161, 2207, 27242, 3459, 2215, 8809, 10507, 10288, 9934, 11024, 8807, 51338, 6915	270	1648	20581	0.9250719165767709	1.0	1.0	0.8892988929889298
GOTERM_CC_DIRECT	GO:0005887~integral component of plasma membrane	18	6.315789473684211	0.8263879619424456	9466, 9976, 5026, 63027, 23166, 1230, 56660, 2207, 27242, 3459, 10507, 26011, 963, 931, 944, 10288, 9934, 6915	266	1415	18224	0.8715215600839554	1.0	1.0	0.9040590405904059
UP_KEYWORDS	Disulfide bond	40	14.035087719298245	0.853885735510711	5026, 3684, 153579, 23166, 23643, 4192, 2171, 2207, 3537, 27242, 3958, 3459, 8809, 26011, 931, 9934, 11024, 8807, 10875, 5473, 9976, 4069, 1230, 3572, 6282, 1800, 1667, 1687, 1368, 2215, 10628, 10507, 3543, 944, 10288, 8635, 113791, 7803, 6915, 2934	270	3434	20581	0.8878966328005349	1.0	1.0	0.8892988929889298
UP_SEQ_FEATURE	signal peptide	31	10.87719298245614	0.9956140660784382	9466, 5265, 3684, 153579, 25840, 23166, 23643, 4192, 2207, 27242, 3459, 8809, 51104, 11024, 8807, 10875, 5473, 4069, 3572, 3492, 1800, 1667, 1368, 2215, 10507, 3543, 8836, 10288, 8635, 113791, 2934	269	3346	20063	0.6910020731628732	1.0	1.0	0.9989506820566632
UP_SEQ_FEATURE	topological domain:Extracellular	24	8.421052631578947	0.9972065331705501	9466, 9976, 5026, 3684, 153579, 23166, 1230, 27346, 3572, 2207, 27242, 3459, 8809, 10507, 26011, 963, 944, 10288, 9934, 11024, 113791, 8807, 51338, 6915	269	2787	20063	0.6422703390542654	1.0	1.0	0.9989506820566632
UP_KEYWORDS	Glycoprotein	41	14.385964912280702	0.9989686616335774	9466, 4176, 5265, 7466, 5026, 3684, 2012, 153579, 63027, 23166, 3043, 23643, 3161, 81930, 27242, 10678, 3459, 8809, 26011, 9934, 11024, 8807, 10875, 9976, 1230, 3572, 56660, 2162, 1800, 1368, 2215, 3326, 10507, 963, 23670, 8836, 944, 10288, 8635, 113791, 6915	270	4551	20581	0.68672005338672	1.0	1.0	0.9989686616335774
UP_SEQ_FEATURE	topological domain:Cytoplasmic	29	10.175438596491228	0.9993569413756882	9466, 5026, 3684, 153579, 23166, 27346, 58475, 2207, 27242, 10678, 3459, 8809, 26011, 931, 9934, 11024, 8807, 9976, 1230, 3572, 56660, 10507, 963, 255027, 944, 10288, 113791, 51338, 6915	269	3456	20063	0.625846542406719	1.0	1.0	0.9993569413756882
UP_SEQ_FEATURE	glycosylation site:N-linked (GlcNAc...)	36	12.631578947368421	0.99976946144431	9466, 5265, 5026, 3684, 2012, 153579, 63027, 23166, 23643, 3161, 27242, 10678, 3459, 8809, 26011, 9934, 11024, 8807, 10875, 9976, 1230, 3572, 56660, 2162, 3492, 1800, 1368, 2215, 10507, 963, 23670, 8836, 944, 10288, 8635, 6915	269	4234	20063	0.6341547360454314	1.0	1.0	0.99976946144431
UP_KEYWORDS	Signal	33	11.578947368421053	0.9998951860053507	9466, 5265, 3684, 153579, 25840, 23166, 23643, 4192, 2207, 27242, 3459, 8809, 51104, 11024, 8807, 10875, 5473, 4069, 3572, 1800, 1667, 1687, 1368, 2215, 10507, 3543, 8318, 8836, 10288, 8635, 113791, 11213, 2934	270	4160	20581	0.6046768162393162	1.0	1.0	0.9998951860053507
UP_KEYWORDS	Transmembrane helix	45	15.789473684210526	0.9999935489637792	9466, 7466, 5026, 3684, 2012, 153579, 25840, 63027, 23166, 2055, 27346, 58475, 3043, 2207, 672, 27242, 10678, 3459, 8809, 26011, 931, 5897, 9934, 11024, 8807, 9976, 1230, 3572, 56660, 55273, 1368, 2215, 10507, 85027, 963, 255027, 23670, 85465, 944, 10288, 6713, 113791, 51338, 6915, 8739	270	5634	20581	0.6088332741687374	1.0	1.0	0.9999935489637792
UP_KEYWORDS	Transmembrane	45	15.789473684210526	0.99999435168364	9466, 7466, 5026, 3684, 2012, 153579, 25840, 63027, 23166, 2055, 27346, 58475, 3043, 2207, 672, 27242, 10678, 3459, 8809, 26011, 931, 5897, 9934, 11024, 8807, 9976, 1230, 3572, 56660, 55273, 1368, 2215, 10507, 85027, 963, 255027, 23670, 85465, 944, 10288, 6713, 113791, 51338, 6915, 8739	270	5651	20581	0.6070017106116912	1.0	1.0	0.99999435168364
UP_KEYWORDS	Membrane	64	22.45614035087719	0.999998504327372	9466, 6279, 5026, 3684, 63027, 23166, 58475, 3043, 672, 115361, 10018, 27242, 8809, 2268, 5897, 11024, 9934, 8807, 7298, 9833, 11031, 1230, 9590, 3572, 56660, 10507, 255027, 963, 6713, 51338, 7803, 6915, 8739, 7466, 2012, 153579, 25840, 2055, 27346, 57561, 29887, 2207, 10678, 26051, 3459, 26011, 221472, 931, 6645, 9976, 55273, 1800, 10602, 1687, 2215, 1368, 85027, 23670, 85465, 944, 10288, 113791, 51514, 8915	270	7494	20581	0.6509820201840485	1.0	1.0	0.999998504327372
UP_SEQ_FEATURE	transmembrane region	38	13.333333333333334	0.9999985310933367	9466, 7466, 5026, 3684, 2012, 153579, 63027, 23166, 2055, 27346, 58475, 2207, 27242, 10678, 3459, 8809, 26011, 931, 9934, 11024, 8807, 9976, 1230, 3572, 56660, 55273, 10507, 85027, 963, 255027, 23670, 85465, 944, 10288, 6713, 113791, 51338, 6915	269	5056	20063	0.5605574443555598	1.0	1.0	0.9999985310933367
GOTERM_CC_DIRECT	GO:0016021~integral component of membrane	39	13.684210526315791	0.9999999817757883	9466, 7466, 3684, 2012, 153579, 25840, 63027, 23166, 2055, 27346, 58475, 3043, 2207, 672, 27242, 10678, 3459, 8809, 5897, 9934, 11024, 8807, 1230, 3572, 55273, 1368, 2215, 85027, 963, 255027, 23670, 85465, 944, 10288, 6713, 113791, 51338, 6915, 8739	266	5163	18224	0.5175169183854464	1.0	1.0	0.9999999817757883

Annotation Cluster 42	Enrichment Score: 0.021087434829982727
Category	Term	Count	%	PValue	Genes	List Total	Pop Hits	Pop Total	Fold Enrichment	Bonferroni	Benjamini	FDR
GOTERM_MF_DIRECT	GO:0003700~transcription factor activity, sequence-specific DNA binding	13	4.56140350877193	0.7865014737222951	9232, 195828, 2305, 144455, 79733, 51176, 687, 678, 3399, 6941, 1958, 639, 7704	255	961	16881	0.8955254942767951	1.0	1.0	0.9713603818615751
UP_SEQ_FEATURE	zinc finger region:C2H2-type 1	5	1.7543859649122806	0.9405567283346064	687, 195828, 1958, 639, 7704	269	554	20063	0.6731375733093554	1.0	1.0	0.9989506820566632
UP_SEQ_FEATURE	zinc finger region:C2H2-type 2	5	1.7543859649122806	0.9662101859218313	687, 195828, 1958, 639, 7704	269	615	20063	0.6063710822981836	1.0	1.0	0.9989506820566632
INTERPRO	IPR013087:Zinc finger C2H2-type/integrase DNA-binding domain	6	2.1052631578947367	0.9687648088512477	687, 195828, 5896, 1958, 639, 7704	255	712	18559	0.6133179114342366	1.0	1.0	0.9912126537785588
UP_SEQ_FEATURE	zinc finger region:C2H2-type 3	4	1.4035087719298245	0.9917300979338707	687, 1958, 639, 7704	269	636	20063	0.46907951649482127	1.0	1.0	0.9989506820566632
INTERPRO	IPR015880:Zinc finger, C2H2-like	5	1.7543859649122806	0.993553747177668	687, 195828, 1958, 639, 7704	255	762	18559	0.47756162832587107	1.0	1.0	0.993553747177668
INTERPRO	IPR007087:Zinc finger, C2H2	5	1.7543859649122806	0.9956694240907032	687, 195828, 1958, 639, 7704	255	799	18559	0.45544675942967927	1.0	1.0	0.9956694240907032
SMART	SM00355:ZnF_C2H2	5	1.7543859649122806	0.9982193636721756	687, 195828, 1958, 639, 7704	158	762	10057	0.41766337752084787	1.0	1.0	1.0

Annotation Cluster 43	Enrichment Score: 0.006436080307514061
Category	Term	Count	%	PValue	Genes	List Total	Pop Hits	Pop Total	Fold Enrichment	Bonferroni	Benjamini	FDR
GOTERM_CC_DIRECT	GO:0005886~plasma membrane	50	17.543859649122805	0.9570467397313729	9466, 6279, 5026, 3684, 23166, 23643, 3161, 672, 27242, 3958, 8809, 2268, 11024, 9934, 8807, 9833, 1230, 9590, 3572, 2237, 10507, 687, 963, 90427, 113130, 6915, 2956, 6654, 2012, 27346, 57561, 4193, 2207, 26051, 3537, 3459, 26011, 9976, 55273, 1800, 10602, 1687, 2215, 1368, 10288, 113791, 9928, 7704, 8915, 2934	266	4121	18224	0.831245792228691	1.0	1.0	0.9570467397313729
UP_KEYWORDS	Cell membrane	25	8.771929824561402	0.9994458304393814	6279, 27346, 57561, 2207, 26051, 27242, 3459, 26011, 2268, 221472, 931, 9934, 9833, 1230, 3572, 55273, 1800, 1687, 1368, 2215, 10507, 963, 113791, 7803, 6915	270	3175	20581	0.600204141149023	1.0	1.0	0.9994458304393814
UP_KEYWORDS	Membrane	64	22.45614035087719	0.999998504327372	9466, 6279, 5026, 3684, 63027, 23166, 58475, 3043, 672, 115361, 10018, 27242, 8809, 2268, 5897, 11024, 9934, 8807, 7298, 9833, 11031, 1230, 9590, 3572, 56660, 10507, 255027, 963, 6713, 51338, 7803, 6915, 8739, 7466, 2012, 153579, 25840, 2055, 27346, 57561, 29887, 2207, 10678, 26051, 3459, 26011, 221472, 931, 6645, 9976, 55273, 1800, 10602, 1687, 2215, 1368, 85027, 23670, 85465, 944, 10288, 113791, 51514, 8915	270	7494	20581	0.6509820201840485	1.0	1.0	0.999998504327372

Annotation Cluster 44	Enrichment Score: 1.1582011494217958E-4
Category	Term	Count	%	PValue	Genes	List Total	Pop Hits	Pop Total	Fold Enrichment	Bonferroni	Benjamini	FDR
INTERPRO	IPR000276:G protein-coupled receptor, rhodopsin-like	3	1.0526315789473684	0.9995353311661918	1230, 9934, 6915	255	719	18559	0.3036734026016526	1.0	1.0	0.9995353311661918
INTERPRO	IPR017452:GPCR, rhodopsin-like, 7TM	3	1.0526315789473684	0.999627716157678	1230, 9934, 6915	255	736	18559	0.2966592071611253	1.0	1.0	0.999627716157678
UP_KEYWORDS	G-protein coupled receptor	3	1.0526315789473684	0.9998455676247361	1230, 9934, 6915	270	842	20581	0.27158880971232513	1.0	1.0	0.9998455676247361
UP_KEYWORDS	Transducer	3	1.0526315789473684	0.9999248344286863	1230, 9934, 6915	270	899	20581	0.2543690520331232	1.0	1.0	0.9999248344286863

